380	0.0000	0.0000	0.0012	0.0002	0.0000	0.0012	0.1666	0.0089	0.8246
385	0.0001	0.0000	0.0019	0.0004	0.0000	0.0019	0.1827	0.0161	0.8011
390	0.0001	0.0000	0.0036	0.0008	0.0001	0.0036	0.1752	0.0128	0.8120
395	0.0002	-0.0001	0.0065	0.0014	0.0000	0.0064	0.1747	0.0030	0.8223
400	0.0003	-0.0001	0.0121	0.0025	0.0001	0.0120	0.1735	0.0069	0.8196
405	0.0005	-0.0002	0.0197	0.0041	0.0001	0.0195	0.1735	0.0057	0.8208
410	0.0008	-0.0004	0.0371	0.0077	0.0002	0.0367	0.1723	0.0047	0.8230
415	0.0014	-0.0007	0.0664	0.0137	0.0004	0.0657	0.1722	0.0048	0.8230
420	0.0021	-0.0011	0.1154	0.0238	0.0007	0.1142	0.1714	0.0051	0.8236
425	0.0027	-0.0014	0.1858	0.0380	0.0013	0.1839	0.1704	0.0059	0.8237
430	0.0022	-0.0012	0.2477	0.0502	0.0020	0.2452	0.1689	0.0069	0.8242
435	0.0004	-0.0002	0.2901	0.0582	0.0030	0.2872	0.1669	0.0086	0.8245
440	-0.0026	0.0015	0.3123	0.0617	0.0041	0.3092	0.1644	0.0109	0.8247
445	-0.0067	0.0038	0.3186	0.0616	0.0053	0.3155	0.1611	0.0138	0.8250
450	-0.0121	0.0068	0.3167	0.0595	0.0067	0.3136	0.1567	0.0178	0.8255
455	-0.0187	0.0105	0.3117	0.0564	0.0085	0.3087	0.1510	0.0228	0.8261
460	-0.0261	0.0149	0.2982	0.0515	0.0107	0.2954	0.1440	0.0298	0.8262
465	-0.0332	0.0198	0.2730	0.0445	0.0131	0.2705	0.1356	0.0400	0.8245
470	-0.0393	0.0254	0.2299	0.0346	0.0161	0.2279	0.1242	0.0579	0.8179
475	-0.0447	0.0318	0.1859	0.0251	0.0199	0.1844	0.1096	0.0867	0.8037
480	-0.0494	0.0391	0.1449	0.0169	0.0246	0.1438	0.0912	0.1326	0.7763
485	-0.0536	0.0471	0.1097	0.0103	0.0299	0.1091	0.0688	0.2006	0.7306
490	-0.0581	0.0569	0.0826	0.0057	0.0368	0.0823	0.0456	0.2949	0.6595
495	-0.0641	0.0695	0.0625	0.0026	0.0458	0.0626	0.0238	0.4125	0.5638
500	-0.0714	0.0854	0.0478	0.0010	0.0573	0.0482	0.0098	0.5377	0.4525
505	-0.0812	0.1059	0.0369	0.0004	0.0721	0.0376	0.0038	0.6547	0.3415
510	-0.0890	0.1286	0.0270	0.0017	0.0890	0.0280	0.0140	0.7500	0.2361
515	-0.0936	0.1526	0.0184	0.0051	0.1076	0.0197	0.0387	0.8123	0.1490
520	-0.0926	0.1747	0.0122	0.0112	0.1257	0.0138	0.0745	0.8338	0.0917
525	-0.0847	0.1911	0.0083	0.0194	0.1403	0.0101	0.1142	0.8262	0.0596
530	-0.0710	0.2032	0.0055	0.0293	0.1526	0.0075	0.1547	0.8058	0.0395
535	-0.0532	0.2108	0.0032	0.0399	0.1619	0.0053	0.1928	0.7817	0.0255
540	-0.0315	0.2147	0.0015	0.0514	0.1689	0.0036	0.2296	0.7541	0.0162
545	-0.0061	0.2149	0.0002	0.0637	0.1735	0.0023	0.2658	0.7244	0.0098
550	0.0228	0.2118	-0.0006	0.0767	0.1761	0.0015	0.3016	0.6924	0.0060
555	0.0551	0.2059	-0.0011	0.0906	0.1770	0.0010	0.3373	0.6590	0.0036
560	0.0906	0.1970	-0.0013	0.1052	0.1761	0.0007	0.3731	0.6244	0.0024
565	0.1284	0.1852	-0.0014	0.1200	0.1732	0.0005	0.4088	0.5896	0.0016
570	0.1677	0.1709	-0.0014	0.1349	0.1685	0.0003	0.4441	0.5548	0.0011
575	0.2072	0.1543	-0.0012	0.1491	0.1620	0.0004	0.4787	0.5201	0.0011
580	0.2456	0.1361	-0.0011	0.1623	0.1540	0.0003	0.5127	0.4865	0.0009
585	0.2799	0.1169	-0.0009	0.1732	0.1445	0.0003	0.5447	0.4544	0.0009
590	0.3093	0.0975	-0.0008	0.1816	0.1339	0.0002	0.5752	0.4242	0.0006
595	0.3318	0.0791	-0.0006	0.1870	0.1230	0.0002	0.6029	0.3965	0.0006
600	0.3443	0.0625	-0.0005	0.1880	0.1117	0.0001	0.6270	0.3726	0.0004
605	0.3476	0.0478	-0.0004	0.1851	0.1003	0.0001	0.6482	0.3515	0.0003
610	0.3397	0.0356	-0.0003	0.1774	0.0890	0.0001	0.6657	0.3341	0.0002
615	0.3227	0.0258	-0.0002	0.1661	0.0781	0.0001	0.6801	0.3197	0.0002
620	0.2971	0.0183	-0.0002	0.1512	0.0674	0.0000	0.6916	0.3085	-0.0001
625	0.2635	0.0125	-0.0001	0.1330	0.0568	0.0000	0.7006	0.2992	0.0001
630	0.2268	0.0083	-0.0001	0.1137	0.0469	0.0000	0.7081	0.2920	-0.0001
635	0.1923	0.0054	-0.0001	0.0959	0.0384	0.0000	0.7142	0.2862	-0.0003
640	0.1597	0.0033	0.0000	0.0793	0.0309	0.0000	0.7190	0.2807	0.0003
645	0.1291	0.0020	0.0000	0.0639	0.0245	0.0000	0.7229	0.2769	0.0002
650	0.1017	0.0012	0.0000	0.0502	0.0190	0.0000	0.7256	0.2742	0.0002
655	0.0786	0.0007	0.0000	0.0387	0.0145	0.0000	0.7278	0.2721	0.0001
660	0.0593	0.0004	0.0000	0.0292	0.0108	0.0000	0.7294	0.2705	0.0001
665	0.0437	0.0002	0.0000	0.0215	0.0079	0.0000	0.7311	0.2688	0.0001
670	0.0315	0.0001	0.0000	0.0155	0.0057	0.0000	0.7322	0.2678	0.0000
675	0.0229	0.0001	0.0000	0.0113	0.0041	0.0000	0.7313	0.2687	0.0001
680	0.0169	0.0000	0.0000	0.0083	0.0030	0.0000	0.7347	0.2653	0.0000
685	0.0119	0.0000	0.0000	0.0058	0.0021	0.0000	0.7347	0.2653	0.0000
690	0.0082	0.0000	0.0000	0.0040	0.0015	0.0000	0.7347	0.2653	0.0000
695	0.0057	0.0000	0.0000	0.0028	0.0010	0.0000	0.7347	0.2653	0.0000
700	0.0041	0.0000	0.0000	0.0020	0.0007	0.0000	0.7347	0.2653	0.0000
705	0.0029	0.0000	0.0000	0.0014	0.0005	0.0000	0.7347	0.2653	0.0000
710	0.0021	0.0000	0.0000	0.0010	0.0004	0.0000	0.7347	0.2653	0.0000
715	0.0015	0.0000	0.0000	0.0007	0.0003	0.0000	0.7347	0.2653	0.0000
720	0.0011	0.0000	0.0000	0.0005	0.0002	0.0000	0.7347	0.2653	0.0000
725	0.0007	0.0000	0.0000	0.0003	0.0001	0.0000	0.7347	0.2653	0.0000
730	0.0005	0.0000	0.0000	0.0002	0.0001	0.0000	0.7347	0.2653	0.0000
735	0.0004	0.0000	0.0000	0.0002	0.0001	0.0000	0.7347	0.2653	0.0000
740	0.0003	0.0000	0.0000	0.0001	0.0001	0.0000	0.7347	0.2653	0.0000
745	0.0002	0.0000	0.0000	0.0001	0.0000	0.0000	0.7347	0.2653	0.0000
750	0.0001	0.0000	0.0000	0.0000	0.0000	0.0000	0.7347	0.2653	0.0000
755	0.0001	0.0000	0.0000	0.0000	0.0000	0.0000	0.7347	0.2653	0.0000
760	0.0001	0.0000	0.0000	0.0000	0.0000	0.0000	0.7347	0.2653	0.0000
